3874900155
4069064278
2235507726
1085866684
1726666891
2860964188
3057318777
438827536
1069102336
484221465
2416047100
1436393378
2195745084
2991264173
304200988
3973323485
337541347
2479689427
1572614500
4215944732
1642241991
208208409
3594225803
1812931595
3689691168
2970130698
1556641437
888579851
3224346934
213222931
154370991
2820663135
3042398156
2208100521
707281037
1441150891
1810066262
2491575165
283642251
3829915918
2302663008
2191624667
4093501449
2960770486
2392782443
655345032
1763056158
1387095884
3894902672
1502862412
2206407570
3717221319
3557245396
3238315532
3643432961
3914391769
1820942472
3754641944
386439363
129422708
1256674277
3198705311
3678786826
3760137597
2532819699
3161896757
1927113232
2497964277
2493610046
2967466423
1537042681
3971965780
2165459047
3256971308
1500519232
3778024528
3047744385
531137875
4102458878
3762163689
894740760
1611237966
2624443425
3869943595
1573888120
2026326481
624512385
3967382343
16779295
2836380693
129760438
2653486306
3485483506
234480575
2085159993
3769946789
2311795454
552480188
760930808
395627947
576128181
705278741
1909104219
3792160533
3784605860
1425603514
2898865532
465676223
2287188201
995921945
1153799263
2845173579
3695758252
2120466493
1487416367
2325357384
2874596733
3043082980
3514564335
812371877
2342818420
2673963747
2814951754
498355929
2366653282
2739593542
3869707777
1432999558
182007083
3983181130
2867330716
3449662060
1585327977
1029732159
1689024370
1124317088
2427180008
4287954083
3656220629
727334435
2675853884
4003726965
1615984183
127841545
639533366
32043962
1043089321
593348982
1106580007
1934652211
3152565232
2082743325
3920023955
2409844312
1112206068
2977092411
2010225990
2371169242
2885539653
2977326670
18592341
2683881791
1199416402
3539432665
2313346773
2162513871
1739740344
1979628044
2655297157
2907219226
524154318
3311050736
2607570575
661295772
1889406055
1009118279
3147009332
1876175098
3805092001
1823148022
2699549565
1130756352
3258453237
3362700765
2797021669
441588918
3028052382
1244595831
3230149448
664578298
3086038579
4117554745
721783623
99846518
347616033
983248674
3951526898
515131165
885483567
2109105373
1144633217
3671168173
460079606
880226400
2268365940
1953057680
48389602
1307185727
211797078
3991241466
1434237890
3780788833
3503551587
1333580805
1892585181
3958855886
2263310748
3574875076
3910523123
3596028352
2276737613
3577299372
2603778511
2756912864
955151014
3590806870
816188015
4240511050
2542519492
3900477062
74040749
1680303496
3516041985
3747091164
1960710436
1342677387
4217830937
1352001
2760196544
2221302034
2933094443
1298106890
2602550103
1803787438
72792492
4239251839
1076251459
2442080644
3244395973
3124080709
2845596961
1463656346
1392279036
885190687
3567245512
544478548
1312938361
2965631274
628688245
556890129
2878838948
4236108910
972151092
702294203
2608222774
2364114549
1965917240
635196428
2560470299
3255966472
3263405540
3556854614
1775888390
1242050761
1235021968
3005542027
1476276496
945036394
2470982773
2941504744
564853657
3672440445
1118425274
39042160
3608162541
3102736986
1320278217
159554535
731765407
1109644972
1154453047
1502165811
3171630885
1222605834
3293916608
3894322440
2683276004
2574530496
2757599746
2876591629
4003709072
682655432
4081323113
628064962
1854139165
2824966112
2254566819
4029921143
3716922232
3116847214
4146856878
3174742262
1285716758
2594360283
1968344915
3195152969
1770414696
1404020744
618875409
1872101604
959359286
2530391960
2549303926
1680189085
2748445472
4064682696
2801199910
3062240278
1075234236
3388271858
3121843166
3755084778
3814110980
3629379874
2256201962
2675721120
4021594367
4047477572
1581185210
1178232508
2143056229
817342958
309382618
218721539
983121213
1242742362
3103809255
2350587778
126239679
3249182923
2508096858
1515746852
4153152437
24326989
1547723428
3216389612
1773326753
2104709411
3141091092
2703626556
3877354421
1679137399
2802386032
2165066928
702269887
3475605132
2150043151
2241432132
2833236325
3952658763
4165707481
2778066868
865282823
1581177574
1117801283
1374705949
2964485166
1593102748
4159032148
146559278
2388493741
3822399011
827331292
2938653501
3167260654
217989379
768432373
2459163672
3009668881
216079661
3698500890
3439729216
2849317210
1038848503
2747684839
1937349302
3314035752
2777023639
984270463
3159446381
2748912678
3669479479
194626046
2067742240
3612718181
3364795800
1585028678
3803672959
1661418630
364681686
1173690489
4043098188
4182833707
538142172
3924443931
2455160212
258569852
3554749059
2823809874
1752565370
3641610867
1256304162
3018578566
701936635
93145625
1787117846
3278842023
1346367775
4009008794
609530779
4227458015
1522104894
23117713
1993678082
3799564781
2531438930
2325173156
3343440122
3546620140
1206903674
3981300781
3753104790
2030596827
2758572855
4235791922
1371023177
2275096556
4229116662
4263251382
878544986
3849999519
2896724267
3436134844
3173175661
2140943816
1553637746
1145130676
2402620711
1276461728
2600127407
4261079224
2110785278
1156228666
93967113
2627620816
3111275554
2952877005
450900945
2828423098
1047524654
2447922950
1784795444
3837218862
877348245
1229355419
1969500864
4237221681
764298155
3842777453
1476721431
2617324648
774757910
2231802906
251680626
4281106413
3590019442
1701649915
3031759821
572287819
2254725754
3498120797
2637529271
2600736084
2157953263
2606129594
2182360965
2796304040
4016789412
2758943675
1910463476
1717220061
2134841147
2840807779
1394609481
1206061225
44517430
3287149634
3891861836
2596112421
1339550865
2070083540
2148521735
1826107628
977630813
3092976975
938889694
815349083
1965646708
2575714928
1120144857
98493603
991330479
473494046
4203968038
120737641
3680653875
3927920379
3188032358
2020746531
261024193
1011543873
1703800793
268595411
617896999
2386712851
221343107
2614503852
4206842921
856166724
298434831
1109557807
1430530746
1918568079
317361876
4291724232
3735379286
2929963908
1243608630
3482838087
38540981
3971214714
877998076
2640818981
3509362494
385703248
1657176061
3355137630
1553020047
3537531071
2171214155
1843133603
480169233
2848974128
949668734
3068571803
173706028
3533986976
1120101620
2495522121
2440890408
4218348179
1317403010
2660769663
3627798105
2515033564
2004010719
1027826387
594652192
3616214849
3602180820
3612533454
3072284794
771201155
3962460393
4177271324
3094596948
999037708
347522697
3829207608
151670566
3677928576
1697859535
3345237185
1909273591
3653432005
3998979453
3761995633
4206033770
311221810
692166707
1241954491
2750837653
2275927315
4111521185
1886017209
702551951
167220500
3031958027
315299074
530823852
157890311
3840412603
174590280
3165141340
2895013733
3322334947
1840384345
896909460
653855351
6954179
1158071931
834808858
1540294037
1558663933
1955515714
1557847066
2449076584
3978879370
2762201217
2871967064
2264499281
1891574874
3242315324
3195413579
1000654813
1259629353
363460797
2608060052
157810655
932023913
2336738787
2003777758
2488381279
2516450137
3087228090
3110222497
421033340
605958490
1598142133
3250844265
568875847
4030665000
2207821466
4176474886
3518883341
880371257
2247187956
1908408247
2209347686
1576762171
742371005
2128225025
517826734
4129359463
2375337381
780673024
324096607
2120485721
817223810
1951230113
842791960
2091717781
3848833748
2989026664
2559496941
1656874653
2499026297
2066368148
3433382227
1495889478
3754560829
1755207251
537545574
2868882050
3630202504
1782791380
2897730933
1527953283
1872105597
3861110637
697302214
2025550910
1071943509
3535774421
1675210120
3726797582
3256157305
3034037193
2517499553
4222927750
1092084296
2382376165
3863091629
3413358589
2192755655
2322781777
2409443589
2054601938
2304673691
3347576301
2617047980
1927942974
2142736659
1356581894
1738264217
3766453582
3093405946
3510772866
3174987996
1766213563
3334928791
625825415
2186836185
265169198
4011719157
3496829632
2574430328
3421775777
2036231055
3253722039
3646355220
498570951
1647543682
3578217278
2401351570
1681660579
2389713830
2503408389
1511830381
798457288
986369001
1461768074
3678736109
3573123857
2457066795
1137001713
750797974
4114740105
3477497222
1145480476
1145693030
74013333
1625445275
2719117645
551317967
4249088911
4114485183
2783496949
895750935
1888469729
1298431
3510329953
2683825098
2821501409
1676365647
66434930
3897899696
2803810846
1979407086
551374606
1807193652
2395092585
2762817056
3952259897
1764591418
1565839936
3163497052
2627753337
4021436567
1309972701
3142107439
1377796577
30971040
2265158591
1391331998
3892815895
3309178190
2792938193
4220054953
3688339047
400123652
828709616
2863146614
2448739685
876272164
818222519
124349503
1398443386
3948304328
2542760786
3673269289
1927129834
2447864696
2417664378
3388103974
819760982
2446888359
2961050323
2517722514
3254750269
3855343504
468148370
525053332
2221230877
2575106788
4218470187
4205233563
3645639873
572426706
3341326982
947271570
531925402
48003351
1897070529
3276983444
2580160087
2318246302
2822032468
695703427
745800478
3042734717
787822112
3064744941
2912997106
892081901
4136722562
1771973111
1974252559
1756565719
1402087220
1124987553
1169201387
3535220143
293345461
1001862112
2988442292
636182635
3993392795
2659688751
645117358
188183660
1439551525
2428562001
3435596628
2877387184
1583686536
3679281841
3531532404
3522123989
911323665
2870666531
3781768382
2399525711
3022803163
3025099923
1755643886
1007332124
1579131976
2763952391
297477402
1063028978
894989341
1183362573
1267775794
3521487258
2236772373
2164688391
1983274769
693325848
2291920407
3338459886
549834176
3866186637
722345611
3997216020
1370264998
3476889644
2846209992
203134972
480252387
3678235752
3790058100
3549179503
4123187639
789547714
3880799973
595289573
1448351184
1126234822
648171762
3698340027
355192619
56068885
493746005
27677488
1302884318
286116313
2702692932
3174067282
109020056
1465839623
3002453856
72040082
3805818041
1328943545
2151694532
1949639415
849599668
501292896
61166670
3913279720
3490191137
181266931
1137476136
2955387878
1681275306
1555340462
2395064194
3255837646
2820467590
1605122317
1389973397
3176534023
2893638246
1300449976
1910637711
1742933064
1409888090
2339108333
1936860102
750330817
2998561639
3241678576
2996421482
1842665748
796689485
3750322874
556623104
2483560840
1060795649
1519066112
67322582
1259802465
1974236320
2202040908
3033331676
2812430337
2133182519
2486900843
2289275559
3891287552
872359373
634789725
2727188993
1138043138
3898144128
1414848491
2397357762
4278198933
1750728242
1289135888
3817194142
1735092266
2221216073
4215352232
4126068262
2620812510
163427722
2768190511
131644803
2073859164
1559905688
565726080
3012647957
831301415
3381589324
3768990781
205917107
1401186275
3564254622
2869108847
4236582374
3215921796
4252006427
708626941
1384994141
3522817779
2875832343
1322529539
2569186013
477854766
748788052
3439153983
1016741535
147108042
167376430
1191595806
1653327707
4174498666
2077100328
2240804160
2390645880
2696719403
2720853849
3927962829
4183878964
1143401281
948723256
2210847398
2945991547
4225706517
1773676675
964566764
1996731767
1454556458
2314514831
3242486374
3338949348
2180661724
3253143060
937193748
4145493503
566668158
3261445324
3606049930
3247381348
627588597
2005741639
2689568694
3220328189
269080039
4154884843
2672245353
2954264977
2447989090
2842057508
1648794586
4072827501
4201142846
445579342
2912756025
134040666
3558679401
3799410918
2884760623
1501131515
3167536559
16086147
1162971482
2620879458
3410406955
2682171283
250730805
3735112357
1482962057
772762049
834101193
246433913
3064650237
3758086298
451536117
1945386588
2278385100
4162129246
1760973221
1342168577
494287399
1036074052
3934856006
1963801389
1397115871
1234177876
1850653036
333268464
3242670059
2007674948
3875671586
4281633943
2658864833
3939740234
3425340388
2052528178
1731162357
4157130191
3463043479
4175876538
622387085
4264037121
86507490
79380919
1209131484
3399441902
3124053920
4140467249
3863148592
602130822
1054334136
3802159889
1919410557
3808386263
2261176954
880494565
4283308490
1751316353
1379083797
2690072896
3732895854
3375140823
2744581774
774416241
4188882007
1147594219
4003811681
2686842481
1103551220
981043991
1492285126
3612320488
1258153736
2576917873
1077488191
689812580
1538475391
308484551
1660590405
3551042632
2945889166
981152014
3366198598
2686094252
2041244241
954705263
2520402052
3185972978
2195307689
268114622
2817680377
1495796007
2760107364
2930843959
1325634275
1007629296
